0.00000000000000000000000000000000000000000000000000000000000000000000000000000000 0.00010000000000000000479217360238592959831294137984514236450195312500000000000000 0.00010000000000000000479217360238592959831294137984514236450195312500000000000000 0.00010000000000000000479217360238592959831294137984514236450195312500000000000000 0.00010000000000000000479217360238592959831294137984514236450195312500000000000000 0.00010000000000000000479217360238592959831294137984514236450195312500000000000000 0.00010000000000000000479217360238592959831294137984514236450195312500000000000000 0.47373195875445511804358034169126767665147781372070312500000000000000000000000000 0.00010000000000000000479217360238592959831294137984514236450195312500000000000000 2.35327379540372660926550452131778001785278320312500000000000000000000000000000000 1.82572259953215265682047174777835607528686523437500000000000000000000000000000000 0.00010000000000000000479217360238592959831294137984514236450195312500000000000000 0.00010000000000000000479217360238592959831294137984514236450195312500000000000000 0.00010000000000000000479217360238592959831294137984514236450195312500000000000000 0.00010000000000000000479217360238592959831294137984514236450195312500000000000000 4.67971385292079400386455745319835841655731201171875000000000000000000000000000000 21.53537044967922398086557222995907068252563476562500000000000000000000000000000000 0.00010000000000000000479217360238592959831294137984514236450195312500000000000000 0.00010000000000000000479217360238592959831294137984514236450195312500000000000000 11.23654295446918105483291583368554711341857910156250000000000000000000000000000000 
0.00010000000000000000479217360238592959831294137984514236450195312500000000000000 0.00000000000000000000000000000000000000000000000000000000000000000000000000000000 0.00010000000000000000479217360238592959831294137984514236450195312500000000000000 0.00010000000000000000479217360238592959831294137984514236450195312500000000000000 0.00010000000000000000479217360238592959831294137984514236450195312500000000000000 11.40232825052978427038397057913243770599365234375000000000000000000000000000000000 0.00010000000000000000479217360238592959831294137984514236450195312500000000000000 0.00010000000000000000479217360238592959831294137984514236450195312500000000000000 0.00010000000000000000479217360238592959831294137984514236450195312500000000000000 0.00010000000000000000479217360238592959831294137984514236450195312500000000000000 0.00010000000000000000479217360238592959831294137984514236450195312500000000000000 3.98579266840048251907546728034503757953643798828125000000000000000000000000000000 0.00010000000000000000479217360238592959831294137984514236450195312500000000000000 0.00010000000000000000479217360238592959831294137984514236450195312500000000000000 0.00010000000000000000479217360238592959831294137984514236450195312500000000000000 0.00010000000000000000479217360238592959831294137984514236450195312500000000000000 0.00010000000000000000479217360238592959831294137984514236450195312500000000000000 0.00010000000000000000479217360238592959831294137984514236450195312500000000000000 0.00010000000000000000479217360238592959831294137984514236450195312500000000000000 0.00010000000000000000479217360238592959831294137984514236450195312500000000000000 
0.00010000000000000000479217360238592959831294137984514236450195312500000000000000 0.00010000000000000000479217360238592959831294137984514236450195312500000000000000 0.00000000000000000000000000000000000000000000000000000000000000000000000000000000 15.60345529844489220749892410822212696075439453125000000000000000000000000000000000 0.00010000000000000000479217360238592959831294137984514236450195312500000000000000 0.00010000000000000000479217360238592959831294137984514236450195312500000000000000 0.00010000000000000000479217360238592959831294137984514236450195312500000000000000 0.00010000000000000000479217360238592959831294137984514236450195312500000000000000 12.17396027080678777565481141209602355957031250000000000000000000000000000000000000 0.00010000000000000000479217360238592959831294137984514236450195312500000000000000 0.00010000000000000000479217360238592959831294137984514236450195312500000000000000 5.86137102098783113746094386442564427852630615234375000000000000000000000000000000 0.00010000000000000000479217360238592959831294137984514236450195312500000000000000 0.00010000000000000000479217360238592959831294137984514236450195312500000000000000 1.57595451162235900000041510793380439281463623046875000000000000000000000000000000 5.30440536800758888347218089620582759380340576171875000000000000000000000000000000 1.76762856784330568693519580847350880503654479980468750000000000000000000000000000 0.00010000000000000000479217360238592959831294137984514236450195312500000000000000 0.00010000000000000000479217360238592959831294137984514236450195312500000000000000 1.07500177865475254890270662144757807254791259765625000000000000000000000000000000 
0.00010000000000000000479217360238592959831294137984514236450195312500000000000000 0.00010000000000000000479217360238592959831294137984514236450195312500000000000000 15.60345529844489220749892410822212696075439453125000000000000000000000000000000000 0.00000000000000000000000000000000000000000000000000000000000000000000000000000000 0.00010000000000000000479217360238592959831294137984514236450195312500000000000000 0.00010000000000000000479217360238592959831294137984514236450195312500000000000000 21.54769853364025422592931136023253202438354492187500000000000000000000000000000000 0.00010000000000000000479217360238592959831294137984514236450195312500000000000000 12.64855260324601538002298184437677264213562011718750000000000000000000000000000000 0.00010000000000000000479217360238592959831294137984514236450195312500000000000000 0.00010000000000000000479217360238592959831294137984514236450195312500000000000000 0.00010000000000000000479217360238592959831294137984514236450195312500000000000000 0.00010000000000000000479217360238592959831294137984514236450195312500000000000000 0.00010000000000000000479217360238592959831294137984514236450195312500000000000000 0.00010000000000000000479217360238592959831294137984514236450195312500000000000000 0.00010000000000000000479217360238592959831294137984514236450195312500000000000000 2.48248747014485404704942084208596497774124145507812500000000000000000000000000000 0.00010000000000000000479217360238592959831294137984514236450195312500000000000000 0.00010000000000000000479217360238592959831294137984514236450195312500000000000000 0.00010000000000000000479217360238592959831294137984514236450195312500000000000000 
0.00010000000000000000479217360238592959831294137984514236450195312500000000000000 0.00010000000000000000479217360238592959831294137984514236450195312500000000000000 0.00010000000000000000479217360238592959831294137984514236450195312500000000000000 0.00010000000000000000479217360238592959831294137984514236450195312500000000000000 0.00000000000000000000000000000000000000000000000000000000000000000000000000000000 0.00010000000000000000479217360238592959831294137984514236450195312500000000000000 0.00010000000000000000479217360238592959831294137984514236450195312500000000000000 0.00010000000000000000479217360238592959831294137984514236450195312500000000000000 0.00010000000000000000479217360238592959831294137984514236450195312500000000000000 0.18164130796723243488344223806052468717098236083984375000000000000000000000000000 1.73411381024341593182214182888856157660484313964843750000000000000000000000000000 0.00010000000000000000479217360238592959831294137984514236450195312500000000000000 0.00010000000000000000479217360238592959831294137984514236450195312500000000000000 1.68081081527178377577058654424035921692848205566406250000000000000000000000000000 0.00010000000000000000479217360238592959831294137984514236450195312500000000000000 3.52948734640211281288202371797524392604827880859375000000000000000000000000000000 2.49852944721160907803891859657596796751022338867187500000000000000000000000000000 0.00010000000000000000479217360238592959831294137984514236450195312500000000000000 0.00010000000000000000479217360238592959831294137984514236450195312500000000000000 8.67791584215381028855063050286844372749328613281250000000000000000000000000000000 
0.00010000000000000000479217360238592959831294137984514236450195312500000000000000 11.40232825052978427038397057913243770599365234375000000000000000000000000000000000 0.00010000000000000000479217360238592959831294137984514236450195312500000000000000 0.00010000000000000000479217360238592959831294137984514236450195312500000000000000 0.00010000000000000000479217360238592959831294137984514236450195312500000000000000 0.00000000000000000000000000000000000000000000000000000000000000000000000000000000 0.00010000000000000000479217360238592959831294137984514236450195312500000000000000 0.00010000000000000000479217360238592959831294137984514236450195312500000000000000 48.36876775627555957726144697517156600952148437500000000000000000000000000000000000 0.00010000000000000000479217360238592959831294137984514236450195312500000000000000 0.00010000000000000000479217360238592959831294137984514236450195312500000000000000 0.00010000000000000000479217360238592959831294137984514236450195312500000000000000 0.00010000000000000000479217360238592959831294137984514236450195312500000000000000 0.00010000000000000000479217360238592959831294137984514236450195312500000000000000 0.00010000000000000000479217360238592959831294137984514236450195312500000000000000 2.59167644192768742428256700804922729730606079101562500000000000000000000000000000 0.00010000000000000000479217360238592959831294137984514236450195312500000000000000 0.00010000000000000000479217360238592959831294137984514236450195312500000000000000 0.00010000000000000000479217360238592959831294137984514236450195312500000000000000 0.00010000000000000000479217360238592959831294137984514236450195312500000000000000 
0.00010000000000000000479217360238592959831294137984514236450195312500000000000000 0.00010000000000000000479217360238592959831294137984514236450195312500000000000000 0.00010000000000000000479217360238592959831294137984514236450195312500000000000000 21.54769853364025422592931136023253202438354492187500000000000000000000000000000000 0.00010000000000000000479217360238592959831294137984514236450195312500000000000000 0.00010000000000000000479217360238592959831294137984514236450195312500000000000000 0.00000000000000000000000000000000000000000000000000000000000000000000000000000000 0.00010000000000000000479217360238592959831294137984514236450195312500000000000000 0.00010000000000000000479217360238592959831294137984514236450195312500000000000000 0.00010000000000000000479217360238592959831294137984514236450195312500000000000000 0.00010000000000000000479217360238592959831294137984514236450195312500000000000000 4.94659667447314088661869391216896474361419677734375000000000000000000000000000000 0.00010000000000000000479217360238592959831294137984514236450195312500000000000000 0.00010000000000000000479217360238592959831294137984514236450195312500000000000000 0.00010000000000000000479217360238592959831294137984514236450195312500000000000000 1.21859805672733556569653501355787739157676696777343750000000000000000000000000000 0.00010000000000000000479217360238592959831294137984514236450195312500000000000000 0.00010000000000000000479217360238592959831294137984514236450195312500000000000000 0.00010000000000000000479217360238592959831294137984514236450195312500000000000000 0.00010000000000000000479217360238592959831294137984514236450195312500000000000000 
0.47373195875445511804358034169126767665147781372070312500000000000000000000000000 0.00010000000000000000479217360238592959831294137984514236450195312500000000000000 0.00010000000000000000479217360238592959831294137984514236450195312500000000000000 0.00010000000000000000479217360238592959831294137984514236450195312500000000000000 0.00010000000000000000479217360238592959831294137984514236450195312500000000000000 0.00010000000000000000479217360238592959831294137984514236450195312500000000000000 0.00010000000000000000479217360238592959831294137984514236450195312500000000000000 0.00000000000000000000000000000000000000000000000000000000000000000000000000000000 0.00010000000000000000479217360238592959831294137984514236450195312500000000000000 0.00010000000000000000479217360238592959831294137984514236450195312500000000000000 0.00010000000000000000479217360238592959831294137984514236450195312500000000000000 0.00010000000000000000479217360238592959831294137984514236450195312500000000000000 0.00010000000000000000479217360238592959831294137984514236450195312500000000000000 0.00010000000000000000479217360238592959831294137984514236450195312500000000000000 0.00010000000000000000479217360238592959831294137984514236450195312500000000000000 3.76565178612996698248593929747585207223892211914062500000000000000000000000000000 0.00010000000000000000479217360238592959831294137984514236450195312500000000000000 0.00010000000000000000479217360238592959831294137984514236450195312500000000000000 0.00010000000000000000479217360238592959831294137984514236450195312500000000000000 0.00010000000000000000479217360238592959831294137984514236450195312500000000000000 
0.00010000000000000000479217360238592959831294137984514236450195312500000000000000 0.00010000000000000000479217360238592959831294137984514236450195312500000000000000 12.17396027080678777565481141209602355957031250000000000000000000000000000000000000 12.64855260324601538002298184437677264213562011718750000000000000000000000000000000 0.00010000000000000000479217360238592959831294137984514236450195312500000000000000 48.36876775627555957726144697517156600952148437500000000000000000000000000000000000 0.00010000000000000000479217360238592959831294137984514236450195312500000000000000 0.00010000000000000000479217360238592959831294137984514236450195312500000000000000 0.00000000000000000000000000000000000000000000000000000000000000000000000000000000 0.00010000000000000000479217360238592959831294137984514236450195312500000000000000 0.00010000000000000000479217360238592959831294137984514236450195312500000000000000 4.87515058360722175478940698667429387569427490234375000000000000000000000000000000 0.00010000000000000000479217360238592959831294137984514236450195312500000000000000 0.00010000000000000000479217360238592959831294137984514236450195312500000000000000 2.44271279499358318076929208473302423954010009765625000000000000000000000000000000 0.58269398747471146116083673405228182673454284667968750000000000000000000000000000 0.00010000000000000000479217360238592959831294137984514236450195312500000000000000 0.00010000000000000000479217360238592959831294137984514236450195312500000000000000 25.16858938050802407815353944897651672363281250000000000000000000000000000000000000 0.00010000000000000000479217360238592959831294137984514236450195312500000000000000 
2.35327379540372660926550452131778001785278320312500000000000000000000000000000000 0.00010000000000000000479217360238592959831294137984514236450195312500000000000000 0.00010000000000000000479217360238592959831294137984514236450195312500000000000000 0.00010000000000000000479217360238592959831294137984514236450195312500000000000000 0.18164130796723243488344223806052468717098236083984375000000000000000000000000000 0.00010000000000000000479217360238592959831294137984514236450195312500000000000000 0.00010000000000000000479217360238592959831294137984514236450195312500000000000000 0.00010000000000000000479217360238592959831294137984514236450195312500000000000000 0.00010000000000000000479217360238592959831294137984514236450195312500000000000000 0.00000000000000000000000000000000000000000000000000000000000000000000000000000000 20.90147313993913158469695190433412790298461914062500000000000000000000000000000000 0.80562809828156189961845257130335085093975067138671875000000000000000000000000000 205.33537803830421353268320672214031219482421875000000000000000000000000000000000000 0.36551593583411257082360634740325622260570526123046875000000000000000000000000000 1.31491212675443502888583680032752454280853271484375000000000000000000000000000000 0.00010000000000000000479217360238592959831294137984514236450195312500000000000000 10.29688519605211993734883435536175966262817382812500000000000000000000000000000000 0.35478144579357917542949962808052077889442443847656250000000000000000000000000000 0.00010000000000000000479217360238592959831294137984514236450195312500000000000000 60.43363015640583313370370888151228427886962890625000000000000000000000000000000000 
1.82572259953215265682047174777835607528686523437500000000000000000000000000000000 0.00010000000000000000479217360238592959831294137984514236450195312500000000000000 0.00010000000000000000479217360238592959831294137984514236450195312500000000000000 0.00010000000000000000479217360238592959831294137984514236450195312500000000000000 1.73411381024341593182214182888856157660484313964843750000000000000000000000000000 0.00010000000000000000479217360238592959831294137984514236450195312500000000000000 0.00010000000000000000479217360238592959831294137984514236450195312500000000000000 0.00010000000000000000479217360238592959831294137984514236450195312500000000000000 0.00010000000000000000479217360238592959831294137984514236450195312500000000000000 20.90147313993913158469695190433412790298461914062500000000000000000000000000000000 0.00000000000000000000000000000000000000000000000000000000000000000000000000000000 1.22928414161265209258999675512313842773437500000000000000000000000000000000000000 66.76787241031249209299858193844556808471679687500000000000000000000000000000000000 6.78724105699824153958843453438021242618560791015625000000000000000000000000000000 0.09296178305477019454539089338140911422669887542724609375000000000000000000000000 0.71223643425687088726050433251657523214817047119140625000000000000000000000000000 0.00010000000000000000479217360238592959831294137984514236450195312500000000000000 0.00010000000000000000479217360238592959831294137984514236450195312500000000000000 0.00010000000000000000479217360238592959831294137984514236450195312500000000000000 3.22376935024145350183744085370562970638275146484375000000000000000000000000000000 
0.00010000000000000000479217360238592959831294137984514236450195312500000000000000 3.98579266840048251907546728034503757953643798828125000000000000000000000000000000 5.86137102098783113746094386442564427852630615234375000000000000000000000000000000 0.00010000000000000000479217360238592959831294137984514236450195312500000000000000 0.00010000000000000000479217360238592959831294137984514236450195312500000000000000 0.00010000000000000000479217360238592959831294137984514236450195312500000000000000 4.94659667447314088661869391216896474361419677734375000000000000000000000000000000 0.00010000000000000000479217360238592959831294137984514236450195312500000000000000 4.87515058360722175478940698667429387569427490234375000000000000000000000000000000 0.80562809828156189961845257130335085093975067138671875000000000000000000000000000 1.22928414161265209258999675512313842773437500000000000000000000000000000000000000 0.00000000000000000000000000000000000000000000000000000000000000000000000000000000 0.00010000000000000000479217360238592959831294137984514236450195312500000000000000 0.00010000000000000000479217360238592959831294137984514236450195312500000000000000 0.00010000000000000000479217360238592959831294137984514236450195312500000000000000 0.70520905223814134288318200560752302408218383789062500000000000000000000000000000 1.78691765446750183699009539850521832704544067382812500000000000000000000000000000 0.00010000000000000000479217360238592959831294137984514236450195312500000000000000 15.47601859531121526458719017682597041130065917968750000000000000000000000000000000 0.00010000000000000000479217360238592959831294137984514236450195312500000000000000 
0.00010000000000000000479217360238592959831294137984514236450195312500000000000000 0.00010000000000000000479217360238592959831294137984514236450195312500000000000000 0.00010000000000000000479217360238592959831294137984514236450195312500000000000000 0.00010000000000000000479217360238592959831294137984514236450195312500000000000000 0.00010000000000000000479217360238592959831294137984514236450195312500000000000000 0.00010000000000000000479217360238592959831294137984514236450195312500000000000000 0.00010000000000000000479217360238592959831294137984514236450195312500000000000000 0.00010000000000000000479217360238592959831294137984514236450195312500000000000000 0.00010000000000000000479217360238592959831294137984514236450195312500000000000000 205.33537803830421353268320672214031219482421875000000000000000000000000000000000000 66.76787241031249209299858193844556808471679687500000000000000000000000000000000000 0.00010000000000000000479217360238592959831294137984514236450195312500000000000000 0.00000000000000000000000000000000000000000000000000000000000000000000000000000000 0.00010000000000000000479217360238592959831294137984514236450195312500000000000000 0.00010000000000000000479217360238592959831294137984514236450195312500000000000000 0.00010000000000000000479217360238592959831294137984514236450195312500000000000000 51.26005250734903029297129251062870025634765625000000000000000000000000000000000000 0.00010000000000000000479217360238592959831294137984514236450195312500000000000000 0.00010000000000000000479217360238592959831294137984514236450195312500000000000000 0.00010000000000000000479217360238592959831294137984514236450195312500000000000000 
0.00010000000000000000479217360238592959831294137984514236450195312500000000000000 0.00010000000000000000479217360238592959831294137984514236450195312500000000000000 0.00010000000000000000479217360238592959831294137984514236450195312500000000000000 0.00010000000000000000479217360238592959831294137984514236450195312500000000000000 1.68081081527178377577058654424035921692848205566406250000000000000000000000000000 0.00010000000000000000479217360238592959831294137984514236450195312500000000000000 0.00010000000000000000479217360238592959831294137984514236450195312500000000000000 0.00010000000000000000479217360238592959831294137984514236450195312500000000000000 0.00010000000000000000479217360238592959831294137984514236450195312500000000000000 0.36551593583411257082360634740325622260570526123046875000000000000000000000000000 6.78724105699824153958843453438021242618560791015625000000000000000000000000000000 0.00010000000000000000479217360238592959831294137984514236450195312500000000000000 0.00010000000000000000479217360238592959831294137984514236450195312500000000000000 0.00000000000000000000000000000000000000000000000000000000000000000000000000000000 0.00010000000000000000479217360238592959831294137984514236450195312500000000000000 0.90235628911861831547014389798277989029884338378906250000000000000000000000000000 0.00010000000000000000479217360238592959831294137984514236450195312500000000000000 0.00010000000000000000479217360238592959831294137984514236450195312500000000000000 18.14799062714750021996223949827253818511962890625000000000000000000000000000000000 0.00010000000000000000479217360238592959831294137984514236450195312500000000000000 
0.00010000000000000000479217360238592959831294137984514236450195312500000000000000 0.00010000000000000000479217360238592959831294137984514236450195312500000000000000 1.57595451162235900000041510793380439281463623046875000000000000000000000000000000 0.00010000000000000000479217360238592959831294137984514236450195312500000000000000 0.00010000000000000000479217360238592959831294137984514236450195312500000000000000 0.00010000000000000000479217360238592959831294137984514236450195312500000000000000 0.00010000000000000000479217360238592959831294137984514236450195312500000000000000 0.00010000000000000000479217360238592959831294137984514236450195312500000000000000 2.44271279499358318076929208473302423954010009765625000000000000000000000000000000 1.31491212675443502888583680032752454280853271484375000000000000000000000000000000 0.09296178305477019454539089338140911422669887542724609375000000000000000000000000 0.00010000000000000000479217360238592959831294137984514236450195312500000000000000 0.00010000000000000000479217360238592959831294137984514236450195312500000000000000 0.00010000000000000000479217360238592959831294137984514236450195312500000000000000 0.00000000000000000000000000000000000000000000000000000000000000000000000000000000 1.53226477919414838524403421615716069936752319335937500000000000000000000000000000 0.00010000000000000000479217360238592959831294137984514236450195312500000000000000 0.00010000000000000000479217360238592959831294137984514236450195312500000000000000 0.00010000000000000000479217360238592959831294137984514236450195312500000000000000 0.00010000000000000000479217360238592959831294137984514236450195312500000000000000 
4.67971385292079400386455745319835841655731201171875000000000000000000000000000000 0.00010000000000000000479217360238592959831294137984514236450195312500000000000000 5.30440536800758888347218089620582759380340576171875000000000000000000000000000000 0.00010000000000000000479217360238592959831294137984514236450195312500000000000000 3.52948734640211281288202371797524392604827880859375000000000000000000000000000000 2.59167644192768742428256700804922729730606079101562500000000000000000000000000000 1.21859805672733556569653501355787739157676696777343750000000000000000000000000000 3.76565178612996698248593929747585207223892211914062500000000000000000000000000000 0.58269398747471146116083673405228182673454284667968750000000000000000000000000000 0.00010000000000000000479217360238592959831294137984514236450195312500000000000000 0.71223643425687088726050433251657523214817047119140625000000000000000000000000000 0.70520905223814134288318200560752302408218383789062500000000000000000000000000000 0.00010000000000000000479217360238592959831294137984514236450195312500000000000000 0.90235628911861831547014389798277989029884338378906250000000000000000000000000000 1.53226477919414838524403421615716069936752319335937500000000000000000000000000000 0.00000000000000000000000000000000000000000000000000000000000000000000000000000000 12.83678883956550897949000500375404953956604003906250000000000000000000000000000000 0.00010000000000000000479217360238592959831294137984514236450195312500000000000000 5.21075004464026925177222437923774123191833496093750000000000000000000000000000000 0.00010000000000000000479217360238592959831294137984514236450195312500000000000000 
21.53537044967922398086557222995907068252563476562500000000000000000000000000000000 0.00010000000000000000479217360238592959831294137984514236450195312500000000000000 1.76762856784330568693519580847350880503654479980468750000000000000000000000000000 2.48248747014485404704942084208596497774124145507812500000000000000000000000000000 2.49852944721160907803891859657596796751022338867187500000000000000000000000000000 0.00010000000000000000479217360238592959831294137984514236450195312500000000000000 0.00010000000000000000479217360238592959831294137984514236450195312500000000000000 0.00010000000000000000479217360238592959831294137984514236450195312500000000000000 0.00010000000000000000479217360238592959831294137984514236450195312500000000000000 10.29688519605211993734883435536175966262817382812500000000000000000000000000000000 0.00010000000000000000479217360238592959831294137984514236450195312500000000000000 1.78691765446750183699009539850521832704544067382812500000000000000000000000000000 51.26005250734903029297129251062870025634765625000000000000000000000000000000000000 0.00010000000000000000479217360238592959831294137984514236450195312500000000000000 0.00010000000000000000479217360238592959831294137984514236450195312500000000000000 12.83678883956550897949000500375404953956604003906250000000000000000000000000000000 0.00000000000000000000000000000000000000000000000000000000000000000000000000000000 0.00010000000000000000479217360238592959831294137984514236450195312500000000000000 0.00010000000000000000479217360238592959831294137984514236450195312500000000000000 0.48200701793389405525047664013982284814119338989257812500000000000000000000000000 
0.00010000000000000000479217360238592959831294137984514236450195312500000000000000 0.00010000000000000000479217360238592959831294137984514236450195312500000000000000 0.00010000000000000000479217360238592959831294137984514236450195312500000000000000 0.00010000000000000000479217360238592959831294137984514236450195312500000000000000 0.00010000000000000000479217360238592959831294137984514236450195312500000000000000 0.00010000000000000000479217360238592959831294137984514236450195312500000000000000 0.00010000000000000000479217360238592959831294137984514236450195312500000000000000 0.00010000000000000000479217360238592959831294137984514236450195312500000000000000 0.00010000000000000000479217360238592959831294137984514236450195312500000000000000 0.35478144579357917542949962808052077889442443847656250000000000000000000000000000 0.00010000000000000000479217360238592959831294137984514236450195312500000000000000 0.00010000000000000000479217360238592959831294137984514236450195312500000000000000 0.00010000000000000000479217360238592959831294137984514236450195312500000000000000 0.00010000000000000000479217360238592959831294137984514236450195312500000000000000 0.00010000000000000000479217360238592959831294137984514236450195312500000000000000 0.00010000000000000000479217360238592959831294137984514236450195312500000000000000 0.00010000000000000000479217360238592959831294137984514236450195312500000000000000 0.00000000000000000000000000000000000000000000000000000000000000000000000000000000 0.00010000000000000000479217360238592959831294137984514236450195312500000000000000 0.22273374431221398817015710847044829279184341430664062500000000000000000000000000 
0.00010000000000000000479217360238592959831294137984514236450195312500000000000000 0.00010000000000000000479217360238592959831294137984514236450195312500000000000000 0.00010000000000000000479217360238592959831294137984514236450195312500000000000000 0.00010000000000000000479217360238592959831294137984514236450195312500000000000000 0.00010000000000000000479217360238592959831294137984514236450195312500000000000000 0.00010000000000000000479217360238592959831294137984514236450195312500000000000000 0.00010000000000000000479217360238592959831294137984514236450195312500000000000000 0.00010000000000000000479217360238592959831294137984514236450195312500000000000000 25.16858938050802407815353944897651672363281250000000000000000000000000000000000000 0.00010000000000000000479217360238592959831294137984514236450195312500000000000000 0.00010000000000000000479217360238592959831294137984514236450195312500000000000000 15.47601859531121526458719017682597041130065917968750000000000000000000000000000000 0.00010000000000000000479217360238592959831294137984514236450195312500000000000000 18.14799062714750021996223949827253818511962890625000000000000000000000000000000000 0.00010000000000000000479217360238592959831294137984514236450195312500000000000000 5.21075004464026925177222437923774123191833496093750000000000000000000000000000000 0.00010000000000000000479217360238592959831294137984514236450195312500000000000000 0.00010000000000000000479217360238592959831294137984514236450195312500000000000000 0.00000000000000000000000000000000000000000000000000000000000000000000000000000000 1.00000000000000000000000000000000000000000000000000000000000000000000000000000000 
11.23654295446918105483291583368554711341857910156250000000000000000000000000000000 0.00010000000000000000479217360238592959831294137984514236450195312500000000000000 1.07500177865475254890270662144757807254791259765625000000000000000000000000000000 0.00010000000000000000479217360238592959831294137984514236450195312500000000000000 8.67791584215381028855063050286844372749328613281250000000000000000000000000000000 0.00010000000000000000479217360238592959831294137984514236450195312500000000000000 0.00010000000000000000479217360238592959831294137984514236450195312500000000000000 0.00010000000000000000479217360238592959831294137984514236450195312500000000000000 0.00010000000000000000479217360238592959831294137984514236450195312500000000000000 60.43363015640583313370370888151228427886962890625000000000000000000000000000000000 3.22376935024145350183744085370562970638275146484375000000000000000000000000000000 0.00010000000000000000479217360238592959831294137984514236450195312500000000000000 0.00010000000000000000479217360238592959831294137984514236450195312500000000000000 0.00010000000000000000479217360238592959831294137984514236450195312500000000000000 0.00010000000000000000479217360238592959831294137984514236450195312500000000000000 0.00010000000000000000479217360238592959831294137984514236450195312500000000000000 0.48200701793389405525047664013982284814119338989257812500000000000000000000000000 0.22273374431221398817015710847044829279184341430664062500000000000000000000000000 1.00000000000000000000000000000000000000000000000000000000000000000000000000000000 0.00000000000000000000000000000000000000000000000000000000000000000000000000000000 
0.06169429097605890616184964869717077817767858505249023437500000000000000000000000 0.03157063930544591612292748550316900946199893951416015625000000000000000000000000 0.05656406208892393594478420482118963263928890228271484375000000000000000000000000 0.02907129702709814259020681959100329549983143806457519531250000000000000000000000 0.01433833201789003197745842044241726398468017578125000000000000000000000000000000 0.00762957116548277150536172541706037009134888648986816406250000000000000000000000 0.01631149697448040086777965029796177987009286880493164062500000000000000000000000 0.04775059194948697016691596672899322584271430969238281250000000000000000000000000 0.02999210734017363627623709021463582757860422134399414062500000000000000000000000 0.10615627466456191430044242451913305558264255523681640625000000000000000000000000 0.16706129965798477421401457831962034106254577636718750000000000000000000000000000 0.02565114443567481986030465179737802827730774879455566406250000000000000000000000 0.00933964746119442072724847747622334281913936138153076171875000000000000000000000 0.06735069718495134694080661574844270944595336914062500000000000000000000000000000 0.05906340436727174070252743831588304601609706878662109375000000000000000000000000 0.09116022099447514126513425480879959650337696075439453125000000000000000000000000 0.06590370955011840004011958171759033575654029846191406250000000000000000000000000 0.03170218363588529070229427020422008354216814041137695312500000000000000000000000 0.03393843725335437405687954992572485934942960739135742187500000000000000000000000 0.04775059194948697016691596672899322584271430969238281250000000000000000000000000 
